# CTI Samples for model: /Users/huguangyu/coding_env/rIC3-fork.worktrees/master/examples/fifo/fifo.aig
# Format: Each line contains one state cube (conjunction of literals)
# Each sample is a state s where s /\ T /\ !P' is satisfiable
# Total samples requested: 100
# Reduction enabled: true
# ===================================
26 28 30 32 34 36 38 40 42 
26 28 30 32 34 36 38 40 -42 
26 28 -30 -32 -34 -36 -38 -40 -42 
26 28 -30 -32 -34 -36 -38 -40 42 
26 28 -30 32 34 36 38 -40 -42 
26 28 30 32 -34 -36 38 -40 42 
26 28 -30 -32 34 36 38 40 42 
26 28 -30 -32 -34 36 38 40 42 
26 28 -30 -32 34 -36 38 40 42 
26 28 -30 32 -34 36 38 40 42 
26 28 -30 32 -34 36 38 -40 42 
26 28 30 -32 -34 36 38 -40 42 
26 28 30 32 -34 36 38 40 42 
26 28 30 32 -34 -36 38 40 42 
26 28 -30 32 -34 -36 38 -40 42 
26 28 30 -32 -34 -36 38 -40 42 
26 28 -30 -32 -34 36 38 -40 42 
26 28 -30 32 -34 -36 38 40 42 
26 28 -30 32 -34 36 -38 40 42 
26 28 30 -32 -34 36 -38 -40 42 
26 28 -30 32 -34 -36 -38 40 42 
26 28 30 -32 -34 -36 -38 -40 42 
26 28 30 32 -34 -36 -38 40 42 
26 28 30 32 -34 36 -38 40 42 
26 28 30 -32 -34 36 38 40 42 
26 28 30 -32 -34 -36 38 40 42 
26 28 30 -32 -34 -36 -38 40 42 
26 28 30 -32 -34 36 -38 40 42 
26 28 30 32 -34 36 38 -40 42 
26 28 30 32 -34 36 -38 -40 42 
26 28 30 32 -34 -36 -38 -40 42 
26 28 30 -32 -34 36 38 -40 -42 
26 28 30 -32 -34 -36 38 -40 -42 
26 28 30 -32 -34 -36 -38 -40 -42 
26 28 30 -32 -34 36 -38 -40 -42 
26 28 30 32 -34 -36 -38 -40 -42 
26 28 30 32 -34 36 -38 -40 -42 
26 28 30 32 -34 36 38 -40 -42 
26 28 30 32 -34 -36 38 -40 -42 
26 28 30 32 -34 -36 38 40 -42 
26 28 30 32 -34 36 38 40 -42 
26 28 30 32 -34 36 -38 40 -42 
26 28 30 32 -34 -36 -38 40 -42 
26 28 30 -32 -34 -36 -38 40 -42 
26 28 30 -32 -34 36 -38 40 -42 
26 28 30 -32 -34 36 38 40 -42 
26 28 30 -32 -34 -36 38 40 -42 
26 28 -30 -32 -34 -36 38 40 -42 
26 28 -30 -32 -34 36 38 40 -42 
26 28 -30 -32 -34 36 -38 40 -42 
26 28 -30 -32 -34 -36 -38 40 -42 
26 28 -30 32 -34 -36 -38 40 -42 
26 28 -30 32 -34 36 -38 40 -42 
26 28 -30 32 -34 36 38 40 -42 
26 28 -30 32 -34 -36 38 40 -42 
26 28 -30 32 -34 -36 38 -40 -42 
26 28 -30 32 -34 36 38 -40 -42 
26 28 -30 32 -34 36 -38 -40 -42 
26 28 -30 32 -34 -36 -38 -40 -42 
26 28 -30 -32 -34 36 -38 -40 -42 
26 28 -30 -32 -34 -36 38 -40 -42 
26 28 -30 -32 -34 36 38 -40 -42 
26 28 -30 -32 -34 -36 38 -40 42 
26 28 -30 -32 -34 -36 -38 40 42 
26 28 -30 -32 -34 36 -38 -40 42 
26 28 -30 32 -34 36 -38 -40 42 
26 28 -30 -32 -34 -36 38 40 42 
26 28 -30 32 -34 -36 -38 -40 42 
26 28 -30 -32 -34 36 -38 40 42 
26 28 -30 -32 34 36 -38 40 42 
26 28 -30 -32 34 -36 -38 -40 -42 
26 28 -30 -32 34 -36 -38 -40 42 
26 28 -30 -32 34 -36 -38 40 42 
26 28 -30 32 34 -36 -38 40 42 
26 28 -30 32 34 36 -38 40 42 
26 28 -30 32 34 36 38 40 42 
26 28 -30 32 34 -36 38 40 42 
26 28 -30 32 34 -36 38 -40 42 
26 28 -30 32 34 36 38 -40 42 
26 28 -30 32 34 36 -38 -40 42 
26 28 -30 32 34 -36 -38 -40 42 
26 28 -30 -32 34 36 -38 -40 42 
26 28 -30 -32 34 -36 38 -40 42 
26 28 -30 -32 34 36 38 -40 42 
26 28 -30 -32 34 36 38 -40 -42 
26 28 -30 -32 34 -36 -38 40 -42 
26 28 -30 -32 34 -36 38 -40 -42 
26 28 -30 -32 34 36 -38 -40 -42 
26 28 -30 32 34 36 -38 -40 -42 
26 28 -30 -32 34 -36 38 40 -42 
26 28 -30 32 34 -36 -38 -40 -42 
26 28 -30 32 34 -36 38 -40 -42 
26 28 -30 32 34 -36 38 40 -42 
26 28 -30 32 34 36 38 40 -42 
26 28 -30 32 34 36 -38 40 -42 
26 28 -30 32 34 -36 -38 40 -42 
26 28 -30 -32 34 36 -38 40 -42 
26 28 -30 -32 34 36 38 40 -42 
26 28 30 -32 34 36 38 40 -42 
26 28 30 -32 34 -36 -38 -40 -42 
# ===================================
# Sampling completed in 11.98ms
# Total samples collected: 100
# Average literals per sample: 9.00
